BSPLINE
14
4

0 0
0 0
0 0
0 0
0
0 0 0 0
0 0 0

8 8
-8 8
-8 -8
8 -8
0.8
0 0 0 0
0 0 0

8 8
-8 8
-8 -8
8 -8
0.8
0 0 0 0
0 1 0

8 8
-8 8
-8 -8
8 -8
0.6
0 0 0 0
0 1 0

8 8
-8 8
-8 -8
8 -8
0.7
0 0 0 0
0 2 0

8 8
-8 8
-8 -8
8 -8
0.25
0 0 0 0
0 5 0

8 8
-8 8
-8 -8
8 -8
0.5
0 0 0 0
0 7 0

8 8
-8 8
-8 -8
8 -8
0.3
0 0 0 0
0 7.25 0

8 8
-8 8
-8 -8
8 -8
0.25
0 0 0 0
0 15 0

8 8
-8 8
-8 -8
8 -8
0.5
0 0 0 0
0 15.5 0

8 8
-8 8
-8 -8
8 -8
0.2
0 0 0 0
0 16.25 0

8 8
-8 8
-8 -8
8 -8
0.2
0 0 0 0
0 17.25 0

8 8
-8 8
-8 -8
8 -8
0.5
0 0 0 0
0 19.25 0

8 8
-8 8
-8 -8
8 -8
0.0
0 0 0 0
0 23.25 0
